NP_CTRL1_50%,NP_CTRL2_50%,NP_CM_1_1_50%,NP_CM_1_2_50%,NP_FM_1_1_50%,NP_FM_1_2_50%,NP_PM_1_1_50%,NP_PM_1_2_50%,NP_SM_1_1_50%,NP_SM_1_2_50%,NP_CM_3_1_50%,NP_CM_3_2_50%,NP_FM_3_2_50%,NP_PM_3_1_50%,NP_PM_3_2_50%,NP_SM_3_1_50%,NP_SM_3_2_50%,NP_FM_3_1_50%
587576.3939,465921.7744,6705.69865,158089.5962,150858.0717,29264.04758,27984.75341,44884.51385,109094.247,41794.91494,735.4674632,608.895957,1310.28017,1074.877213,184.9950136,3399.39119,2214.105647,850.4088825
11418.24114,23831.85052,17750.32066,6433.17461,7593.604974,31598.41277,12605.87961,15788.44309,15301.42339,17312.79173,104227.55,127225.6174,50046.10043,33073.76957,68212.81621,39098.92229,157795.1078,159305.1907
185751.2718,228264.043,143619.8996,135657.6229,144775.7112,203016.8521,181638.7244,220825.7558,261529.6437,221511.5341,250950.872,444894.333,291413.6377,483556.9911,494627.7293,338902.3131,221022.9863,388854.3985
3191920.374,511669.2133,8044146.352,6671081.333,9944563.809,19615031.88,4091945.427,7248981.029,22737994.48,20103583.84,355567.4417,291037.0835,334637.1099,809977.4578,257127.1601,444836.7936,303314.52,2806360.265
329450.6408,590583.3543,750880.5796,342882.3899,302863.5368,937460.5827,460528.9709,424139.5665,1046028.847,291631.8496,1926678.89,2560891.68,1600344.155,587326.1878,2226211.474,1781358.512,1495354.351,2582905.479
372262.9246,343549.0688,1452165.603,799611.709,843306.1808,1366755.033,1414685.079,1087156.405,1503563.931,710012.4369,1735261.973,2376118.23,2465500.718,838121.9021,3325398.761,2014044.79,2422178.725,3619633.033
63645.13615,132149.5552,37192.84708,54127.1473,53402.5592,9134.062169,4993.495869,10565.48686,61676.61635,62130.95461,711.895708,954.5778196,694.1541426,950.2810716,318.8328356,3383.933761,667.3007896,5329.860195
334026.6868,300304.7768,371353.4964,283868.0462,584791.4863,473317.0403,357524.7147,411704.9661,910860.6707,457095.586,693322.3892,741055.8142,676817.9042,299008.2313,493838.3744,670930.781,730321.2562,1282909.312
4295180.391,828441.0674,62093.65758,255105.1449,376165.6957,63615.28243,66507.82924,101280.7362,220004.2824,95050.73756,51935.19545,40273.52906,34615.95148,18429.62305,28510.33343,69561.63398,23249.55807,37783.46152
102071.3285,68390.95135,6582.574896,1908.205087,1736.445671,4346.294685,2597.220049,5608.368671,9584.628905,2216.647044,4706.797769,5420.995763,2035.737007,943.4818361,2896.933277,5506.080511,5002.340334,3145.067402
437782.9597,659645.4839,13376.54548,65293.95084,55596.66813,4742.850742,21978.25656,38880.59688,47027.10327,10338.51942,2317.672457,2252.194213,4858.12146,3609.643985,798.3621383,6665.900051,443.3905067,3807.297162
38178.28008,82069.74848,31304.53886,49440.19556,52908.2806,50721.3191,39491.30906,40996.92796,45017.53109,36900.11942,111882.5685,59857.80141,99583.65811,71748.85751,35155.53251,62890.48957,84352.76241,104407.6218
295070.535,411142.6085,143528.0959,26378.41724,71498.66475,113354.9263,40144.27742,46333.16327,427885.0584,65259.18543,570490.4586,333348.5938,409232.6886,113847.9752,445285.4543,479227.911,672456.7768,457150.4959
5306.373385,5037.979286,6591.328074,4979.457062,4818.491924,20989.06336,6027.617869,4959.737731,21635.23757,22382.1453,154785.3523,114933.0402,17867.29163,11985.04801,50795.21767,288724.0602,55866.72242,272267.9161
4907718.349,6103366.996,7299188.956,3695657.845,5788327.845,7740777.313,7098360.78,5150268.912,10093995.09,7384645.13,21542691.63,16573363.97,11603127.26,4984084.511,13920218.91,11431770.45,24735788.85,22641258.77
133202175.7,70668391.49,324805434.1,63848720.21,197092077.6,220603146.2,243634082.5,250114832.1,208046774.2,236433597.8,276106504.3,328955294,274761464.2,263142754.5,327802609.7,265085124.8,356306585.1,509413453.2
9030757.103,2751001.859,2710459.504,1234235.289,2215741.113,5355546.403,2429087.703,2339904.322,5734456.279,2971368.084,3516034.128,4196039.972,4208554.463,3273676.294,6245957.103,7001988.082,3299345.435,5938533.784
1182537.896,1906089.516,2819036.859,731410.3148,1104417.963,2505378.587,2393684.416,1363618.244,2755482.15,1566245.448,3278859.275,2827660.662,3304073.147,2650143.494,3783534.172,3046220.245,4224152.358,4043404.153
122570.3798,1631.19305,3362.822882,5441.501511,5238.334167,499.1808922,202.9867935,1905.774855,2461.581429,1570.212762,238459.7199,120247.422,72082.63067,9939.970781,30112.64967,37521.67222,128800.2551,153115.3655
576134343.1,330077977,1220073666,170086498,597355837,721892350.3,791168893.3,604757509.7,691219986.4,650580715.3,1050541802,1076004544,967470721,980670432,769762654.7,1024432044,1391791584,1667441932
226.5565392,NA,9931.317762,2175.628171,694.33815,12275.09306,3989.214758,10875.68079,20646.5363,33139.34572,15059.96774,20233.36371,8961.373027,4400.185132,7264.425346,44104.28402,44346.10408,59755.68548
637515.1855,341308.7091,5033872.788,5821775.695,3149119.016,3408704.23,3470713.873,1974493.228,5477260.946,5347153.212,92212.2309,145704.2169,78309.12434,569957.3982,43597.23986,252848.2415,36737.45684,1094738.619
391426.2439,476897.7421,38153.51778,39189.82306,90259.7282,48713.36936,32332.52255,21873.17316,106290.1968,92603.42728,110153.6439,70637.41092,83679.4284,17953.25977,29789.19896,99583.62633,38564.04473,92450.76796
11152300.49,1924897.838,655713.9206,5936158.639,10930353.15,592858.3794,1519995.382,3656482.574,5015291.668,5305279.579,101642.5706,61135.94141,154366.0614,99472.79665,26863.46534,360901.2914,158273.0352,199196.4794
145806.3081,410433.1597,2273.099777,31786.38847,25240.01154,4928.894418,4370.390587,6988.130496,25053.41314,33587.19017,2048.955373,1365.023384,4825.47753,5527.651753,3910.297464,4051.312886,2745.242292,4307.843494
8565.414143,18333.3962,9142.398658,41038.83713,11883.40229,18836.47275,8661.785398,15845.54142,12125.44777,23167.66346,75657.88728,415670.4301,122058.2215,15280.92559,88217.61685,40704.69108,311196.8521,251732.6208
18306749.91,533332.0215,361285.9196,7126448.891,22970295.37,6612948.927,782020.7219,6598334.918,32557809.59,49245292.01,39702.21051,51245.77065,144656.1346,98909.80224,47931.84392,104301.2784,42208.88504,61058.07382
79564.61035,71346.92055,441358.1575,80554.0612,105638.6181,354690.5343,297826.8809,282859.3897,111321.9545,135928.9452,651733.4126,177031.7148,819490.4141,1428887.039,243229.3643,557910.8125,1051108.296,592298.979
198232.7609,51680.7763,20134.47957,126463.483,139442.9074,12881.67035,12426.38673,40180.67049,132186.7474,135504.9517,3261.927368,3218.54247,6636.179364,1600.200972,1195.413194,6565.878166,1369.120367,2076.052018
614973.0392,1053610.63,1452268.475,302719.7655,711598.432,2090334.822,782743.8811,1029382.738,1596734.402,1297150.39,1551037.236,4024517.413,2204147.212,910402.747,3828277.308,2445520.304,1596761.922,4043814.473
1211848.12,672191.2233,123466.7337,314163.3652,253709.0117,304459.5192,266722.1375,225965.7384,421571.978,181061.6351,81323.5308,73641.00463,132686.2272,59437.02993,152795.2043,117843.26,63065.32995,183425.6202
371633.6625,270744.6669,648378.6965,113845.6451,313057.5793,1106412.241,330361.823,417695.1742,673072.4818,485816.0791,574783.0111,807298.6765,892141.0076,388897.7218,898486.9615,706438.3371,884948.1129,1236206.987
45498.55815,25970.50979,23530.08917,10690.16394,36690.24178,63858.15325,19595.87709,21882.13163,40126.44004,18280.71782,21271.83217,52371.02985,48391.69004,27061.20932,69645.54487,49337.4723,31252.99506,78915.68316
40485.93333,41905.76236,117408.7746,29923.40323,16277.07637,156812.4713,45708.67583,40253.14497,118364.5098,38006.51309,172608.4029,47871.91236,227612.1708,231638.7418,106845.929,242761.8696,417093.3536,180611.5919
254784.032,205402.9996,329598.0707,37862.49899,194125.2022,816279.7798,217101.164,258686.1377,624242.1182,370028.5387,578639.1391,715933.0253,794788.1993,378552.6769,850797.481,668840.7562,591814.1056,1380979.791
66768.86178,55784.07521,65509.21714,38382.55463,47367.64087,124097.4672,49934.85557,102473.1726,168731.0664,120840.2036,107299.7666,169693.3358,127464.5255,48722.61797,152287.6658,156982.2142,92672.56865,223929.1389
14721759.4,13817695.38,40338193.01,8756150.915,23948777.36,63727422.42,31529781.83,20092810.19,34487846.46,35595551.55,42446543.47,25200073.88,40365732.96,33179720.35,26438152.66,35806528.23,55727672.86,57062665.72
140882.2899,252614.2348,18769.13036,1419177.67,497099.2381,64722.47284,45890.8825,214561.5955,249272.6735,153123.896,752.572309,507.9748898,20338.21601,544.4020057,468.9370278,2954.66116,473.0957305,20428.84094
731225.7634,561808.9894,1254078.336,324641.6024,357366.0938,910195.7694,838884.3943,475544.7681,988187.5937,633373.9388,898340.8046,1369910.184,964748.249,701349.8391,1602956.647,1147533.325,880948.1274,1759433.474
699053.6507,822621.9347,1856218.509,209508.428,1153619.825,2299878.49,638020.3544,1825221.469,2162756.306,1817408.669,2563561.598,4829083.185,3675100.196,2237037.47,4640791.216,2441898.298,1328213.743,3873284.694
2217.410756,880.8265407,1766.788423,1616.787491,1136.217001,4839.668549,6736.95633,2997.388442,317.7930434,850.3949987,112864.4011,136128.8954,43935.62318,19568.71877,2173.091925,6044.838137,29358.09833,444001.5173
764393.5735,683279.6244,345369.2646,241621.5614,383219.5418,1062409.586,393778.6677,470801.8785,585455.7316,364220.2807,338540.0546,684528.2192,425311.4575,308660.9188,525946.2863,531681.0651,362300.3116,931443.6652
70982.32233,20534.17289,241136.364,10013.91304,87249.15188,145383.7776,154722.6308,106848.295,78527.37059,148752.4264,217993.6692,245973.0031,355731.8681,258022.1896,132583.2165,184107.056,520392.3474,488535.3545
84844.68221,53037.81746,123171.6305,28774.68925,46522.94872,157195.4853,159796.0647,143488.1914,166476.2719,143332.2317,138508.5168,453401.7628,223121.1349,328783.5401,474192.6817,182264.7225,128616.7754,310288.1532
298855.4763,105846.7581,54915.88272,62746.14966,108718.1262,81838.91719,79852.8835,58710.21798,139401.4853,95154.17969,24768.08065,49361.82176,55747.71527,64086.33941,37656.88829,70692.90336,63679.67165,71125.11601
NA,NA,420.4617593,NA,NA,461.3924713,299.3662497,646.5827942,656.665863,1954.240031,1175.161785,24949.79427,7371.327953,175.348732,7679.845964,3728.783885,13949.15866,15358.1131
336.0628204,1428.921875,13388.78356,716.9581663,5241.598342,35245.90331,2536.840862,3221.277753,7764.954194,5173.491685,10106.67398,21811.37178,23199.68866,3424.847779,6672.728798,23066.19892,11961.50029,33674.93091
166756.5515,65023.06468,57243.37622,18569.32576,39906.9753,202005.4542,37813.6008,37194.46191,122359.891,66353.64908,72578.64879,119501.4837,120036.1516,60769.5,117812.5013,105911.675,52116.75248,146624.8941
150972.0732,142417.0099,127226.8838,105954.451,114581.8877,251120.99,194781.1919,238557.0802,242636.712,161194.0319,234301.0302,349710.905,214039.2533,142321.44,290358.1217,182612.3737,163467.7687,304154.8645
484463.1188,311434.3495,266053.4004,155158.5377,267171.1446,406218.1193,220716.0688,220521.4978,524908.255,271385.6747,218982.4157,256144.2932,254492.4221,156426.7514,435760.4566,437554.5052,278512.4815,408857.4954
63596.03535,73124.05673,60140.42565,30571.1935,35898.3998,65616.99162,31867.7345,32741.42314,63689.32548,40055.68189,75109.84909,37942.2888,55998.36643,21910.81164,36117.99221,72571.02234,31491.64555,69592.07874
138183.6477,381495.6987,33565.49545,19338.99097,21663.49218,23309.66407,4067.928227,25347.99822,42652.63264,34726.67479,217.4377684,6922.542712,8077.60039,1435.962104,1242.54182,10297.13345,9166.139419,6440.190013
2964966.622,2038522.547,835503.7279,3366910.415,3132973.143,2511652.34,203743.3823,1034440.174,3681073.812,586646.4997,157411.7726,61070.83444,121293.3751,135476.6578,43946.79299,241846.1391,269025.575,212450.4769
111527.2938,91029.91421,8334.368155,24063.15099,18995.94608,4081.0116,5581.656289,6704.428934,42848.43372,34195.79215,2561.649743,8455.255674,5155.125166,2501.140584,3489.319174,8108.956635,6676.258806,4491.796472
3830.837325,21699.91643,9844.636592,1169.004712,4398.079868,2881.676498,4701.275683,1967.470931,6742.702234,2180.141781,42275.89868,11637.10773,4118.28941,40595.29315,8183.560099,28217.38704,48035.48659,10917.96369
224452.5399,142807.2535,48514.64511,156707.2331,285955.8579,137800.0409,79427.31687,126793.1694,361948.5159,222947.633,13130.29903,3256.994675,28842.04688,4576.614459,1944.159053,16444.99318,20832.08981,74451.78674
4706.193927,1563.364664,8926.166789,5813.659214,5630.210128,49490.46846,6799.101755,89821.23654,100160.3049,20377.33762,57784.4345,58927.71014,31938.80454,71696.04188,12442.01609,122483.5901,34373.4625,60013.1943
174743.5181,121528.3896,21168.66029,86644.73014,81728.65443,6161.7817,10481.37211,24780.11979,154842.9367,119627.2943,1833.849658,267.1052479,4914.585629,1328.659517,428.7893605,12306.70981,6076.431964,922.445916
8041.364025,50307.5674,2528.261024,15382.04652,19263.20755,2359.081917,2286.063246,5966.624784,26297.23043,23540.91772,486.5826882,159.0841441,1497.534958,145.147993,197.2555746,2058.008559,63.29153085,877.8706919
514504.8276,802782.4732,691723.5912,313565.8871,469141.0176,1266668.752,356592.0832,723768.9038,1050988.868,702343.0935,685481.777,890727.6505,724693.6824,343047.1337,735144.2344,1020174.497,577414.7828,1166524.173
175458.7725,27214.16873,8516.774986,35515.94718,56532.37756,50902.23229,6206.958203,20639.0257,56720.00478,171719.3191,119960.8148,339630.8426,72002.78948,76141.76806,262975.6186,206131.2578,224341.8626,80388.95507
1931846.846,1404552.074,1621476.285,409230.3166,1509330.965,2151788.535,1135354.209,1054570.861,3124589.437,1449471.858,2295010.552,2189336.277,2487660.045,797708.6219,2470135.625,1822614.943,1828186.041,3817333.475
118981.7407,81166.06716,1475.3974,127292.1428,39965.34643,NA,6691.186306,7812.496426,29858.41587,53212.73771,177.1400356,NA,126.2960729,NA,2.951890244,NA,NA,NA
268224.9213,76708.80574,1899.235201,43003.72655,44516.86132,1907.037356,1817.461381,1363.573336,27984.56873,52141.51181,1214.833633,340.5346434,881.7634452,1469.207284,845.6573693,811.4988692,927.6754697,1046.328373
272537.3796,766064.8251,8748.801746,110820.0477,89772.8842,12453.11028,42450.5408,54076.82971,148851.1225,121271.5478,20664.4141,4597.334596,5316.969069,3561.173457,660.1221837,20914.69432,9451.068623,8056.577339
713232.392,100403.1455,18893.82755,11750.11153,34204.52884,54775.81302,20350.364,2710.002428,21613.25588,3644.02518,11579.5224,2338.385089,16398.11715,2629.568032,3030.168591,11687.68814,6785.243806,10776.46089
28340.12527,9124.927781,4744.785176,16475.62851,37699.65044,9936.388247,44209.96379,25249.11762,45665.37635,35297.16681,1709.938145,703.9056018,3700.054289,290.8211195,1534.979182,4665.845686,1335.768316,2097.909956
562149.6463,151468.5227,12796.2562,59850.60139,209195.5689,51454.61649,19101.64178,26775.70526,111542.2529,71480.17932,158359.4245,67926.88041,297693.303,24851.53844,113439.0661,375727.941,191365.2762,316133.8954
97031.68652,123236.7099,147772.292,131023.0316,180336.7177,340227.3678,201462.3418,249294.4495,365178.271,237665.9364,250270.4288,906538.4159,353287.785,114758.2898,817035.5406,291051.0267,357638.3111,560687.1352
92332.9858,114593.0869,1270.93516,8980.395677,22733.18346,2654.567699,4693.824848,5132.959459,16119.08409,6278.872468,3415.301246,4805.684109,3880.676796,1312.280614,320.3566208,8070.139594,1876.066529,10053.50067
38164.33223,77329.70672,6394.552867,151422.845,190691.432,25033.21078,118728.6052,172537.1937,347027.3979,124367.6757,3351.6635,4511.617208,4904.681288,1019.303052,2692.003801,4304.422869,8232.098307,4719.371849
2652077.425,5176804.219,863307.0961,3509634.091,2600200.599,1698468.726,324010.8044,1510768.546,2478700.566,1856794.45,505199.2388,177662.865,507658.6779,318384.517,71081.00163,414079.1808,231154.7465,343985.9576
338088.3301,360804.5264,233210.9032,71437.13009,293097.1377,207284.5028,175204.1933,214221.1046,469232.7993,160902.0322,232221.7517,296594.979,357216.4161,112772.1785,193115.559,271684.853,181418.7227,431988.7828
58049.20114,104593.7103,1026.679626,34634.97841,20841.04731,111.5958886,4538.365059,7980.886332,47367.1898,28107.83329,228.0107751,NA,NA,NA,NA,4494.54187,NA,290.4550476
64054.40604,353988.2182,9038.993456,7476.12271,24569.43055,10288.77968,10967.00025,5919.23593,95703.03259,25986.26761,12509.09164,12384.54607,16257.04703,5922.125504,17317.78352,20105.83018,8498.257706,25961.10582
95531.22703,124893.0093,21428.48901,182767.0276,111699.9753,23131.02219,149783.5235,92863.77422,142758.1201,53561.65633,5655.22213,480.6508967,11895.63873,1788.218396,2934.830536,31822.37454,3781.205138,4886.135426
73276.5226,40489.23593,NA,37964.52712,13540.24022,3116.893002,927.6269226,1679.612045,32148.46595,8608.236474,NA,NA,NA,NA,183.8241598,NA,297.8081761,NA
5693550.261,4660375.543,7720045.632,971398.8456,4816829.93,10143190.65,4486758.353,5558757.22,7446132.934,4549598.131,5445995.429,3947422.442,8644637.186,8696605.203,2740965.677,11028660.1,11264121.81,11481125.53
279447094.6,304308095.7,274051870.5,111760655.5,182559626.3,339534184.9,175013671.2,271789884.6,378880283.6,224317101.9,198131729.7,265383309.2,315746972,108710560.7,261890723.1,318834391.3,196750872.7,277551196.5
139806.8338,214275.434,160511.9042,104668.3032,286910.8803,206252.329,118381.8714,409467.3853,476276.0478,495958.0306,246423.6501,912176.6745,289509.7735,252286.3072,1245652.3,441310.0789,430038.4223,556053.2514
6261730.528,11284993.09,336821.5117,35945636.09,23577882.66,9816333.629,1306494.075,22844119.82,13158579.54,5973822.286,370816.1045,111750.0546,867894.0423,182064.4536,221425.9649,518911.6973,207727.1976,169259.8874
57387.71532,8409.940279,312493.2768,487213.7757,851754.4163,650381.4701,1871248.181,481625.7628,825801.9852,995773.7968,45554.16364,61961.51966,510091.4889,191011.151,136127.4356,920523.7048,149867.4229,752024.6207
17420.5203,12792.93028,NA,7514.205828,2438.353676,440.5483729,618.2992199,NA,1823.404178,5376.421948,NA,NA,NA,NA,NA,NA,112.0490617,NA
430620.1009,141413.5852,381292.7325,983057.7082,1706159.716,304725.627,1434208.863,1368825.935,2685608.663,3502113.062,39224.02171,36127.80321,317991.0513,208524.3248,51361.19686,119730.8103,62153.34947,76402.21803
10090.58754,43528.92129,403.9734556,2208.217435,3340.832407,411.6274555,837.0361712,1304.334424,15520.68947,5352.120932,281.0663244,282.1114287,313.8071038,190.4396864,258.4684925,982.2871692,480.6019163,49.70526862
451228.8529,80574.33488,21752.80547,110500.7199,537269.0486,170919.3601,24598.50136,233678.3843,702487.8527,134078.3077,1987.625807,8785.371366,55825.87397,6921.777328,500.5641172,3040.775273,720.4732727,20838.11551
57584.90769,314992.4001,2336.23506,78350.69816,38847.04499,4654.906345,5901.079772,11835.91118,101658.2652,49492.01913,1391.938625,401.0594457,3068.552729,3179.685758,923.1955951,3810.396918,4134.011104,1153.790053
554748.7315,432650.0807,308764.6317,271287.235,438616.1832,776187.9443,278343.2891,826636.1781,825395.1189,760466.2191,291201.9315,895927.1751,545243.5309,452119.8291,876480.4771,678047.9472,351825.768,1022805.034
112133.5684,155288.54,3617.987656,88647.64005,60578.12529,7286.03758,11855.55556,36379.01927,110117.1865,62641.68104,2986.014587,4478.991468,2632.623189,593.0298359,3252.015352,1699.110025,4387.88584,9991.84976
101269.4443,61303.4868,2015.682797,23458.76151,31999.15301,517.6472685,939.0343929,5629.183928,92567.90133,63317.61202,676.6984002,97.92186329,1089.759481,118.1525294,85.84666703,2486.31851,143.5729258,1376.400105
58776.9102,172700.8725,137917.9319,6984.159638,33560.39361,60138.43725,48349.17977,28549.45993,104211.2446,54536.42526,101176.5333,56145.51204,126369.8303,136550.2577,65568.28001,95034.69801,63222.86424,99968.09624
75613.25361,560968.0762,60463.99703,33365.43786,44306.93008,49845.93686,46205.72522,22859.71505,211900.7607,39849.30963,95859.95142,70452.30503,78349.08797,42031.13196,125437.1104,69148.83695,87641.53901,121582.2261
9838.786687,1300.143936,6519.817433,221.3546115,2091.981573,14558.17104,1281.421052,1835.795532,16738.657,10138.4381,8960.88276,19842.77567,17804.52598,7504.359006,6011.924153,16855.84629,14928.05129,29693.02455
3567485.556,6438542.705,2691997.759,4858417.114,5297299.787,7500732.958,5035855.719,6464519.447,8918091.51,6234968.162,4093162.047,9829763.956,8447743.073,2785987.369,10725749.71,6745349.16,6181649.838,13369354.98
14934.6922,28054.44864,111.022065,12194.50403,8610.436329,525.1116638,2188.655828,2680.200333,18204.68325,5877.419643,NA,NA,94.17339292,135.8594666,596.0503196,NA,NA,413.5344892
1361.017425,11486.17598,5683.579586,5834.905009,7012.003755,11159.22077,4740.031855,3618.796004,36595.03795,5976.78907,30484.1228,52498.85392,16510.21635,2346.924749,60630.86068,34974.30847,42079.82294,37951.44404
188092.5053,71420.17966,23280.60268,428564.5635,247300.8066,20585.66464,24921.24783,54902.83154,346696.0105,203290.2459,6809.055958,3496.078445,4023.819059,18754.69188,5923.126864,14709.56388,2379.945462,7182.839038
11501.51751,1339.542459,NA,4596.793184,5290.869202,NA,NA,623.1658478,9917.158467,1862.722518,NA,NA,NA,NA,NA,NA,0.883810061,NA
32246.22644,70667.58202,621.6605225,7134.436539,7498.196851,1109.369859,2215.892472,1771.812926,36216.01724,25536.86899,39.91659237,184.5036629,NA,12.25536509,46.42167042,2107.977618,868.705763,NA
880843.5046,702559.0321,312190.649,448661.6315,489374.8516,1385267.203,376990.9727,460420.3914,872072.5561,1057389.362,481189.9681,360032.7942,838288.9443,360161.7436,910536.1214,785692.7149,763926.5952,694176.7658
137990.5552,26713.4917,129251.2873,42404.47996,60999.90142,248041.4554,73410.25393,42052.00158,184424.2618,256511.4989,173382.7638,134904.0916,172452.8076,58028.71156,75638.69708,229838.238,277282.8443,321085.6233
557205.736,399805.1214,199177.5548,290994.215,466512.0451,518029.3015,186122.1109,1132352.238,936770.194,1086871.185,534449.0865,1464285.298,559004.2328,295182.3313,866565.1684,1121973.189,746320.0994,908400.183
1714838.384,1404328.637,345662.1142,1371101.599,2059732.359,620765.404,838373.9193,1002866.97,3479395.018,1696108.009,193845.5165,140073.5121,624418.5937,177354.534,174451.7098,263351.9913,159316.9478,178531.839
125.8580426,NA,NA,189.05792,NA,NA,NA,NA,239.9150045,3.732321287,19406.15092,15760.06846,229.7355881,3299.741408,NA,13223.14906,15559.79391,12051.21034
695066.2676,2628433.736,2075064.452,697560.1539,1976867.944,1523520.081,1588626.273,628665.6056,3135877.822,1486330.505,3616417.372,1412212.513,2722360.195,1035122.168,1267785.364,2476446.502,3261063.043,3832177.786
7224500.46,3754006.669,166049.1226,14989881.17,14687595.83,5289571.937,1119165.776,7079950.419,15825650.36,4397053.857,351285.038,58449.43706,731723.9494,165884.4516,79795.48124,681449.9913,173599.9681,96302.44401
10264.65587,21845.36153,NA,1674.642273,1412.089069,NA,NA,774.0962651,4001.344945,1444.652349,75.00960159,NA,NA,NA,NA,NA,NA,NA
1161373.097,917993.6064,389613.3679,678041.6968,677883.1865,788967.1514,285182.6677,1473655.487,1786382.127,1869301.569,2406666.428,7731499.21,2265502.911,226209.6373,3621119.765,1891582.177,4341453.66,3257723.52
271079.0945,221663.3518,8292.203365,59730.25373,72306.58096,7039.695416,31900.60393,22857.41152,39823.31255,30808.63937,6885.93023,617.023091,9101.041395,2513.707293,4055.684513,60133.58006,8837.769234,6455.643802
31135.41947,1023.029161,345.3026219,8620.868314,26089.63098,565.2145756,442.0391044,21974.11993,239.4107569,4517.767761,NA,226.5172171,65.79340439,183.4300889,NA,NA,NA,183.7371099
144260105.1,17775727.96,2489862.584,36872734.86,18639827.98,2033509.882,3465993.386,10659785.1,7969934.125,5220337.356,982706.9638,201240.4785,2527029.031,3662154.693,230024.1006,4016088.743,1020532.008,1701475.724
110576.4512,331530.3742,158044.6121,139410.6696,96134.9409,365751.6934,86704.26647,189753.3966,147045.6299,104985.5239,146679.6234,308395.0856,365868.4875,76241.02869,366318.7544,162657.4412,226118.2812,403316.1315
1316681.394,812914.2057,2054863.261,983656.7868,913294.3931,4615682.47,1195899.175,1954772.262,2044371.789,1580799.732,1279111.743,2785271.56,3061237.221,683627.6711,2260901.272,1936863.522,1804770.005,4212658.685
847.9807928,2656.161218,5422.464589,2604.894844,1226.1398,8288.615311,4572.815891,4322.441888,8546.602119,4452.593472,7347.422711,36844.98117,14007.30877,2946.887532,47325.80181,2982.258722,7894.756071,25435.59021
169.3948937,106.8528925,12170.31607,2289.024565,1298.02173,40922.00166,1602.433289,14849.25171,5921.188672,18307.95774,462.1874237,2792.102907,16817.50458,2656.014947,966.6193314,3918.677943,716.4889859,2493.372955
32501.89591,122370.7039,602.7015441,312.3826752,361.1502991,NA,275.4128778,107.4716813,598.8829917,636.5454843,NA,NA,476.7923087,NA,NA,620.9340733,NA,181.9436239
2597059.756,2643446.113,1211489.16,1638310.942,2983269.08,2750389.464,1210658.572,2783972.677,4450325.149,2755649.322,2518534.908,4215321.515,1922237.475,971005.4263,4182792.39,3051077.589,2763245.051,4104737.89
9100927.555,204641.5707,810971.3205,5066808.361,13749797.69,1343238.075,4009419.996,5520258.741,20162867.7,23247072.24,194955.911,77813.02446,288503.5649,235219.6642,130215.2529,148667.0738,335203.6778,1448670.066
350920.6861,346637.0952,18657.86646,106800.798,96763.40561,33180.78592,30595.41561,40474.75799,321869.6961,284823.128,15659.3605,37871.04479,10969.4073,18442.14943,12038.50026,28863.74926,45732.2502,15136.04981
6604.406677,1320.02048,763.3893193,8531.351733,15849.68994,4581.908135,2757.357658,14810.81451,16401.86814,5295.0785,14075.35417,17652.52148,10494.0623,4822.618204,4815.765778,37372.45022,16701.56306,36527.45184
193724.0641,18539.57856,16088.82337,97324.60163,228041.093,26160.51993,160993.233,125222.4284,262869.2388,287098.694,9614.61156,17141.97281,4842.706125,13290.81175,3981.398421,3513.800703,7653.940167,8202.236525
398897.1201,310892.2453,577804.4573,294330.0543,405411.6252,1214482.467,371651.0913,1329962.982,1116930.872,1864444.837,538126.464,2526948.2,1057842.976,483955.6747,2698384.123,1118777.591,611767.14,1637078.269
19779.59949,14133.45456,5879.831874,5162.232122,37798.76182,11841.34346,5585.164333,34730.53551,49690.43017,23095.7616,23514.85043,46636.46198,37105.92799,8810.585105,13758.65685,39905.21492,28039.15855,50308.59372
1220364.169,195257.6299,58217.84261,2079884.807,1160572.286,140994.92,106148.2631,383656.9017,1442569.169,2269817.551,18986.91548,10769.43149,56167.00158,9371.729391,16935.16309,97435.01466,70866.53333,27958.76795
1150700.171,3401813.897,379448.4112,273651.7913,651932.2028,656022.818,401742.7048,311760.3916,2120204.863,568755.968,1276350.834,669385.3255,897298.0399,274838.4171,168039.2811,658769.7134,1789500.725,1339990.249
17420107.5,35336609.45,13236875.64,8187133.078,18193906.53,26660804.28,10851949.08,14415371.83,18559153.17,21132170.29,18429966.65,14421715.02,17915283.74,5211206.087,6547078.585,15675494.83,19447829.15,25171763.38
49398.79131,6711.729792,163.7245735,2302.256636,2475.623413,NA,NA,NA,8056.762307,3653.454615,NA,NA,NA,NA,126.7435821,NA,NA,NA
191802.9608,104027.9638,708.4271253,67687.89044,72351.58075,1793.921224,4562.780273,5541.578085,68146.68808,151336.9975,1302.250501,480.9758276,1506.597426,1695.615648,903.103441,7038.808444,394.1475141,1475.728252
95477.98206,173385.2393,538.274592,4715.718445,18905.99152,3318.704499,1178.155856,1592.319515,28913.38295,19813.93542,8113.412021,2909.363094,1272.710434,2191.100331,1925.977479,1273.478419,11071.17615,32872.23279
249158.0437,34924.17169,51022.65283,180588.0906,186228.3929,28429.79023,113479.9892,121586.7647,225005.7183,150280.0798,8426.895237,12048.91694,27913.13448,9384.793448,21245.07318,18212.68187,9838.556109,25871.67355
159990.2965,122237.8103,151865.5954,15641.63937,142828.2839,217180.6917,51346.21207,136633.5369,423601.9997,322489.8654,105849.2382,424728.5979,306406.8375,191854.2229,717541.6181,241827.6281,169822.6935,332653.4215
23397.10095,3938.525585,1515.586342,15005.60085,10509.21659,1114.380528,549.1761356,4065.689171,7975.702755,3501.433133,701.0399578,495.4381921,288.9434662,286.3990689,345.2798569,1169.587304,466.1697102,1052.931659
35770.46735,257.7647843,259.8820632,90987.24606,136319.2485,29292.47469,1053.193176,24620.81991,267381.1733,278857.9313,NA,546.3349573,817.6945967,NA,NA,2553.00424,NA,568.449685
3459.194999,4168.17758,15676.15628,442.0753345,3787.76454,14280.04794,4515.260834,6272.698349,21837.54874,4074.395907,37745.27972,29437.8006,40121.86612,1236.670288,25123.03237,38789.70609,17092.92095,45411.86844
31661.273,47549.99183,17381.49229,20759.74254,37491.37471,20893.61566,13751.35066,30907.4358,111302.4894,24040.08703,74525.71827,25068.08737,44875.47098,19939.99496,40813.28455,58619.03271,208101.1121,38943.33212
90080.2813,139379.861,45047.9044,46812.52146,132572.9072,84369.32867,22139.49375,32642.91601,331106.5262,27710.44513,221172.5058,122787.8515,225074.8294,26936.22241,70299.6187,216107.4334,66033.4521,231552.7954
178597.7953,102585.473,242629.6603,167765.6299,210311.2652,248359.4075,353308.867,325058.4327,489180.9872,235993.1769,231330.6158,352629.1539,225654.1624,179764.5286,385034.1536,237838.9452,139979.5411,565620.8525
88848.10186,34680.21571,126428.9022,47314.74728,49408.02816,172872.6926,45890.45026,91058.09926,287949.9712,86939.01506,52654.44519,97751.67235,84872.64229,56322.01991,223128.2682,254368.6165,122353.8972,283629.2704
402655.437,348285.9035,29005.38117,90581.6544,73910.67648,6838.215778,38567.53282,14928.08254,66227.94926,21128.03047,17221.3173,993.6278564,63414.92203,2525.120568,2345.032033,55602.1144,2819.525897,3733.60657
14362.44482,182.1372734,2361.794895,22099.94106,24574.01045,26379.0419,15167.29032,8457.266183,11985.58025,13748.27218,23261.37283,33682.05391,15858.56045,11615.83385,33911.33448,26126.00973,75873.77746,12833.49629
90027.28524,39264.30297,23451.19767,47932.06536,27538.71186,7747.216683,6691.924621,7159.532875,85443.43378,49122.70903,4670.315567,7053.677394,4506.479897,6850.885826,1739.422925,11031.41689,2886.332856,8460.085793
5701909.344,3941385.787,5393691.654,2026629.841,5234031.812,15695940.73,2737041.306,7035123.457,8642632.965,10244448.93,3753026.723,15743162.75,7624427.815,3004035.266,15362704.03,8190327.977,9117482.469,10820363.21
4346.260402,8582.645244,11884.0486,18274.37795,7139.511185,91744.53545,29803.27154,70394.56364,144090.5095,126697.6072,47368.08656,31008.3925,37444.80541,33775.2086,12910.71303,86143.69361,82618.29772,95223.88483
4946.432341,5851.580058,6036.198714,7227.238284,15219.2685,36172.77395,9668.242795,6139.132744,138246.2075,49252.00161,19513.94421,13220.15963,37178.9828,79547.03404,18846.17142,70033.97266,335785.5325,22009.64234
64816.90929,19200.29699,49288.09496,24581.38908,18702.47811,33695.53636,26528.62607,31455.44554,43766.6684,41284.74697,80280.44632,22441.69191,54957.81579,1366652.734,30358.04821,48072.99816,119226.5059,90055.04486
195695.4214,4509.639044,12751.86743,432853.7692,713512.4029,254409.4079,24737.86793,456013.0895,2236480.891,4148800.144,2514.427705,3411.355198,11385.34173,20986.90628,1626.682559,49816.20868,8441.212218,12803.90708
45229.28741,27761.28501,29347.39344,39028.31992,79943.65004,19146.21708,11008.19566,60846.96898,194468.6503,98138.15143,5067.774637,793.3930133,2396.567903,18654.64338,4091.941112,17243.31653,4436.184196,6103.615351
324763.5338,20220.34598,3340.747189,11707.23974,18277.66357,9503.096072,2821.715942,15103.53889,26728.95677,50021.95288,1695.840475,1016.331606,783.4425187,32229.51243,1667.613656,1989.785788,4545.326433,2321.221899
83540.35456,38559.11117,1169.198318,35339.80306,22509.72743,906.2946096,1801.804406,10555.7898,60117.74863,58034.21104,160.5345415,1785.172765,579.7834028,1332.883824,598.0427825,2886.015249,2967.119241,1049.063832
494103.3733,751799.7277,16851.35697,265725.7623,328215.1181,42368.88065,15395.52872,88805.52509,842997.6566,668182.2247,4275.548579,10676.62964,17657.84756,5446.965762,8445.017261,54005.07459,94288.32162,14920.56744
58742.80959,42113.06554,3673.572,37731.37264,26678.77335,18763.31732,11366.74873,16612.56013,50500.61933,77052.52729,10801.05314,1841.986001,4365.929271,2472.19672,3019.286246,9771.240542,4615.941229,904.6901096
170447.948,113343.4505,77788.63816,61002.70109,109304.6667,236917.9992,65441.2946,121328.8445,168255.4422,178925.1292,116949.4137,215733.2133,125445.9331,40316.38833,164567.7155,116425.3453,177678.0794,127199.648
8767.123578,4649.995565,22961.59216,33710.37699,40294.63207,215039.6716,119119.0767,10794.63559,40827.48881,41861.74644,92766.82579,129772.666,41725.40562,11104.84197,33999.5366,39722.37293,51209.93172,92551.50309
66466.77183,137325.1171,93286.72981,30000.36314,96177.27033,180648.5516,102489.3353,80566.933,191151.7741,79536.42637,246826.6065,163513.7774,180256.1067,40533.20981,44957.8112,132370.9908,116066.1408,237090.5026
1189590.083,978151.5223,307765.2975,268817.3334,1021680.864,576702.8458,257170.8401,325865.3593,1174770.43,2545981.244,132257.0442,39352.25019,295952.8039,89675.83749,20290.26743,294904.7212,178403.8318,311760.4966
130672.4023,277483.3763,141870.5962,138973.7722,138252.4715,174270.5617,153559.1541,140017.5583,245807.3349,189627.7144,138028.1481,211078.741,95649.99512,81673.04196,235935.7563,245994.7032,137663.2073,179982.3711
108104.8374,33626.5903,2107.471329,9210.730749,25036.89806,4149.136421,1281.73396,9128.281204,33707.37666,39463.7829,23048.18192,4480.47577,41704.15568,5258.417858,4214.299296,53352.45565,31123.4698,46458.8562
15118.17082,31303.768,1450.403105,124279.1158,48304.49553,9554.402674,804.2172031,25208.92432,22000.13201,39476.42502,148.6262126,NA,1192.426353,1286.753714,49.93773622,6483.339705,219.2488191,95.6291503
2261.177989,4127.731309,12855.70337,4859.814034,2881.995038,25405.91323,5259.227471,5058.904372,4576.323518,3335.686698,21383.4231,4228.555224,10196.53755,87360.87431,4623.41851,3761.31894,17879.15472,32167.39304
4550.254201,1755.727974,674.0354306,4504.588402,763.7676636,2179.415014,244.7426834,66.16529901,781.6426104,1336.155609,3103.854935,1316.18846,1469.023987,1504.498992,507.7054,7631.455516,1301.21375,45006.81116
5653.638226,13084.46449,3505.182758,24588.91198,69732.78962,10008.39922,31190.10793,29274.61585,81516.85253,100360.4368,2222.377592,2129.607388,5287.451483,712.5849686,834.7343869,13127.12461,2570.193693,3009.810659
16379.17428,18323.29832,1735.825841,7893.75045,37699.07673,8637.574434,3775.450302,13439.38244,8950.754438,15195.57601,NA,697.8707731,2150.519479,180.3236694,NA,139.8426437,319.480665,2787.038879
431514.6378,188558.3791,7043.684577,142937.9099,134964.1842,6840.127628,17759.93519,4441.257312,254370.0195,12546.97511,6239.179778,8203.806991,3475.248379,5023.670074,3875.862376,31458.46647,12344.13784,3592.803478
5433.95805,53662.55984,NA,1093.291809,681.8426124,NA,301.6979362,NA,1796.081975,NA,84.67689896,0.148891914,NA,0.386162826,75.72436196,NA,NA,0.711720861
109081.1912,245591.3663,533.1512394,62510.06149,38557.19552,1373.393236,5478.135988,8059.825346,87432.97763,62006.21333,1189.60086,NA,595.8342517,NA,519.5995886,2202.008445,1114.422267,878.1604781
55308.81564,174722.699,311.3225606,36042.83005,15444.36607,2504.434549,222.6928558,1650.457666,18050.04449,4836.014526,882.5964246,156.7133387,NA,1880.051358,182.0635985,684.6567881,172.3141022,NA
2975.222497,1583.140013,32523.0062,NA,1219.692986,21874.47688,11612.0594,1525.204332,13378.82643,7732.654762,58591.35696,85330.99464,54000.12349,52616.47423,79483.82018,36327.68564,52313.77794,107085.5283
91645.61064,366979.0685,289890.5022,82546.57537,152655.7654,261775.3516,190672.2187,114296.1349,259566.0254,108037.8708,361529.3912,113241.8893,294947.3085,97602.15532,101633.3336,274651.421,215423.5253,321860.5224
118337.3116,68497.81762,50503.65943,46429.65695,111584.1107,182076.2187,49063.19691,183878.784,192012.5109,217802.9138,62061.28821,282303.806,120902.4019,67980.73706,262559.7339,144510.3407,86053.48764,188960.1461
47938.28176,97394.19074,4392.630859,101792.9487,73310.48966,4514.620933,8867.986357,6991.880631,40097.68094,60555.37825,537.7409527,NA,2240.856177,1296.354098,459.3858883,5152.341671,710.0231378,920.2582703
824607.8712,1501165.911,111337.1624,1115747.638,1580627.015,300772.0551,128143.3284,423193.7938,2042739.504,2183049.141,84965.21184,51957.31054,66196.45826,91881.90337,12193.47197,462327.031,155845.8533,81691.08628
583942.9829,247467.9008,122114.5791,221150.2722,365709.7171,367522.632,99317.03094,466147.4027,495247.751,654096.1195,201051.9929,457286.0339,215619.9983,138776.8897,306203.6182,519556.8914,335696.7081,421456.7359
463303.6079,195687.9895,30495.97898,190211.8183,177363.821,17426.73974,35285.7727,38207.026,266779.8946,59351.52012,26755.05808,1856.158564,18492.44191,15086.34427,5387.997925,77558.37701,31419.08177,13247.32458
181621.9246,578880.1432,146565.8126,646437.9134,263402.7374,99200.95797,145180.6572,400328.5695,167470.0195,193032.5246,74800.02471,38773.47471,38739.93286,33396.712,36495.88728,118801.2352,47415.02786,46053.16342
9399.937026,34992.99552,36430.15248,88762.18971,69729.18049,20522.6596,17580.5523,43605.18435,60211.59347,9862.144738,8640.978985,300.9099121,3312.770945,5656.120467,1137.117545,11138.40571,5202.795976,2255.789857
896356.3088,847443.8854,386014.4576,388024.7429,411302.1076,789336.6647,184901.8156,1002657.636,778457.5196,740804.6343,267474.8283,797347.4023,723515.5916,161006.8618,641648.1806,662278.2794,405887.1801,633130.9452
45548.46068,206987.5975,8656.227509,28527.40309,62027.60589,12148.19266,6046.885541,10349.72997,183715.3452,51913.43664,2470.744683,6394.070451,11750.39467,1092.598187,107.2077933,10047.09417,9567.791807,3796.374871
648.1446878,1634.47434,1478.417817,214.611555,5894.105177,286.9042539,3172.976095,658.0728565,2720.028985,310.6171951,6015.370293,1105.894036,8863.298498,4243.929558,444.7114236,1743.687936,74010.71402,21848.44631
93229.99623,19921.25267,NA,48493.17417,34325.56278,59.91292616,70.15079974,3113.322792,65661.44594,19590.9469,NA,490.6713852,853.4892139,NA,NA,306.2046159,NA,NA
72483.01399,70367.66428,584.5523376,538.8087521,3326.884064,413.9559174,135.5219375,406.39328,1948.113627,1598.658141,831.5203171,1321.853701,369.1647266,309.3210449,677.6704582,NA,NA,63.43395312
40089.2889,38460.69617,12367.90197,98653.27586,84447.81775,60356.08066,15075.70044,86412.93229,71042.18203,76874.15614,210828.0556,1180065.66,235806.6333,14485.89575,20557.4048,88489.63463,256164.5535,528897.4218
36811.91913,20915.97919,571.8163786,23203.64934,37283.72436,4479.512514,2184.896869,1421.537195,36377.80548,45248.79183,NA,285.6644126,839.1567393,118.1756968,701.8944016,1271.93096,401.9477239,916.7780506
28933.84396,37896.42682,22933.14825,36111.08332,36471.64279,69524.53251,42181.43087,12457.98334,28065.89188,9040.729085,87420.49616,13929.57583,90393.33291,52691.56656,10076.41559,31720.99758,71240.20606,85868.47762
637357.6164,710783.0901,456818.3184,802950.4983,558814.7976,797594.6278,149119.0126,535119.3674,1037599.453,275234.5105,82341.36146,83972.44992,312094.9559,271563.46,19364.21113,82584.59449,114929.7265,194585.7904
61605.2418,25773.7804,4512.794327,5929.780902,7764.355793,5636.531235,2327.574203,333.9194946,28379.02167,3764.228775,16613.85027,654.7960129,8912.267352,3411.983348,4038.088529,6984.853515,2341.936676,6187.456458
48311.19996,10683.27169,1383.656329,2941.674108,9992.62535,3162.607188,4150.780223,853.6731084,23575.62597,8558.842194,2432.200948,6920.417353,2497.534798,1045.557514,480.293738,3577.565496,1621.384395,2129.699753
116967.0779,9853.747477,NA,370.8391571,313.1549477,471.8095026,NA,NA,NA,204.0219489,NA,NA,207.5034849,NA,240.7630331,1500.112399,NA,NA
2432.948571,1649.248877,10901.33941,NA,6919.011732,6837.906433,1758.605174,5071.248701,8678.285175,3443.967052,16570.6137,18686.71506,39483.26026,15822.88346,41329.91021,29495.00891,42864.49584,36291.18588
29767.63744,43931.82713,25436.82661,31222.04352,47004.44238,159817.4346,5611.704939,50234.26737,67645.79686,81033.25668,45736.58331,135268.7489,65503.5037,17655.49831,44808.83107,64869.80354,100789.9646,87687.15517
199601.5522,317137.7984,289846.6496,131179.6581,140959.6957,639413.8146,306532.7166,141201.5725,378854.2432,199738.7257,309378.2389,326581.316,346068.8899,68728.99351,371366.8383,292774.0703,279465.2391,591955.1785
1067.695956,2358.108421,NA,5005.895959,16231.64463,NA,NA,1428.649112,13815.60429,27599.39671,NA,NA,NA,NA,NA,NA,NA,278.0214677
44350.21374,144634.1443,2026.259039,175463.8858,95100.31994,6714.784182,5789.052848,62255.48136,166328.4786,90512.47678,588.7219725,1710.830358,1015.695483,377.5170082,2534.421633,10494.69049,NA,1369.94563
169951.2999,12968.97538,3068.226184,35684.24386,126498.4065,1514.331044,576.8228127,16985.84036,80197.00522,114802.2905,2379.862257,2168.415572,497.9055786,693.3739188,400.1327649,3436.879328,371.3799376,2085.265054
9348691.164,12744121.4,13630606.89,8329910.21,13549444.55,21453790.94,5820351.966,25979776.73,43282072.41,27829923.42,14381418.6,50608674.37,19412288.04,6889584.815,123798619.2,37919124.89,19900961.93,21656509.3
69584.37068,26944.29102,NA,7677.095943,3944.014954,NA,NA,1357.744669,24881.6417,13018.331,NA,NA,NA,403.2925214,NA,726.3978383,NA,NA
144411.9896,303870.6292,57722.85466,191775.1898,72604.77468,76115.97008,63836.20866,82863.47686,116173.6993,29277.09478,74915.39745,19928.45108,57472.64224,42546.94778,9236.134751,54688.36763,28290.7417,33834.04307
9043.615973,23156.142,6122.855781,12841.94636,60686.38295,4165.246023,1962.504576,9158.496403,71258.52014,175604.9797,827.4962537,626.8311842,2054.848468,2371.234719,765.9638417,10938.84374,760.5478257,382.9833714
45830.02833,9153.404483,NA,45429.43652,8669.042458,NA,NA,NA,10912.90948,9492.43956,NA,NA,NA,NA,NA,NA,878.2501661,NA
13757.50608,16179.40584,59062.0156,5188.558578,23251.31354,78664.32048,47929.30093,11445.87827,59817.89186,41686.01343,60122.42922,19104.54335,49840.31408,77003.78946,9318.810858,52421.93097,58493.6086,50388.73019
39019.44527,569.8339092,10196.34895,26494.65565,62909.8473,6727.661933,1981.762541,10144.18162,70748.56802,238008.8935,977.9680132,NA,1510.765213,885.2990448,164.5571917,1228.829006,846.4930545,666.4909793
53299.89818,214636.618,33629.87501,31731.77322,36251.79889,115703.6535,55371.93409,39754.60748,138994.7167,37973.87339,38329.11729,41983.10106,69428.1822,19428.30244,95258.51478,55410.03652,38662.79465,94540.56581
81882.74264,37843.98277,5586.589668,120205.3696,80516.73442,13656.63832,15072.70527,28841.02896,48410.41247,35715.25029,8667.787076,3580.964758,3847.105606,2539.328414,3174.501595,13267.95242,10986.48629,16030.90374
154715.2519,89537.84847,150493.1812,41001.40961,93591.02567,964662.3408,80613.86528,151351.1523,321980.5698,237098.5038,105075.0905,498514.1684,366750.1999,62468.99902,1150550.302,387507.2358,233515.4998,315028.1858
605956.0623,359258.3996,3894.591833,413775.9202,170607.2586,1311.313298,1602.732541,36501.82895,172227.7586,325281.9431,4723.329267,4997.391234,19303.95713,1397.120644,7657.62332,2371.073429,936.8027209,11650.55394
103517.5799,51800.87928,9643.312708,7218.978633,7363.11901,4610.402022,1173.831177,1490.444726,9659.206191,13708.95496,1215.240498,595.5025972,248.8779716,4512.388641,953.2453692,1265.575872,742.9796916,NA
614157.0369,194874.4883,408010.7939,479374.9167,633847.4509,870892.7534,453691.8287,374589.5156,881766.5487,867113.4848,421304.3006,509340.5991,625930.8376,203610.6055,852446.1417,472853.4657,460607.2847,865248.3978
4255377.257,6163132.915,5312289.17,3114185.838,4546833.09,5316325.834,5048808.727,2087554.95,6203955.383,3782242.974,6536081.853,2071943.592,4767204.751,2120609.694,1823365.151,3635212.888,4650722.111,6028830.208
2326.659878,4542.359387,13356.12685,2499.164962,5151.322271,28116.86137,4008.554983,11538.67256,13989.90036,8672.902979,45433.47449,2170.048752,51310.86273,3603.627696,8500.533225,7095.269704,41260.0287,77768.29861
18179.42466,2813.722152,844.0026786,47.08716249,10501.88387,1563.504958,467.0905561,1373.994958,14332.41865,18043.80749,28.45148382,48.52342141,NA,136.7804308,175.8338868,1130.504365,298.878748,161.9408664
7379.715165,40715.04391,15064.32186,29222.65957,5510.703478,7398.036316,9428.637163,9928.854111,2438.605621,1011.267262,774.2889275,735.5911147,379.8704836,4564.934915,1445.576937,2716.963974,464.1658554,1268.512596
1013578.703,690053.4759,462056.2689,1006529.457,943475.546,2291417.722,369315.6824,1810888.617,1678292.485,2033536.068,725867.1527,2471239.936,1099008.538,375594.9362,793476.0695,1543314.327,1442235.169,2163251.322
12673.32995,803.9471401,NA,1139.030957,5545.141513,NA,NA,NA,9640.69873,2156.325368,NA,NA,344.4027557,NA,NA,NA,NA,NA
87095.93734,16604.97406,NA,210.596489,NA,NA,266.3447418,NA,2139.864418,332.9165278,217.1374893,NA,1408.67347,947.9491119,148.7217941,564.2898712,NA,1566.324163
134326.0846,300352.0915,6647.965356,72655.79143,133353.4981,39541.67801,26694.15728,69229.07106,430026.5612,167171.9009,10692.39065,1584.476692,17427.16451,13775.25125,1506.007782,57393.5719,34138.39363,21186.75728
7253.068572,878.8891359,7487.309663,1652.972922,2297.916542,5927.999189,3701.622525,2355.312535,12580.12873,334.1638726,6575.137444,26894.17361,10630.0907,6915.731959,3306.791096,831.3128817,42330.80847,25557.55081
24773.42596,54609.21353,1132.974258,62401.9088,13962.37533,3332.696533,4707.590686,7703.832022,37859.84713,17730.78807,101.4432831,1475.561058,1327.646178,217.8132706,6478.898399,4445.456572,1160.2411,5750.583886
902785.9051,490634.2339,88743.95087,1136712.672,1061983.205,139658.1733,63246.62795,314723.2299,592630.1689,410307.8772,61522.24476,59710.81738,126986.8084,41200.11412,105423.4518,116055.0451,52007.52926,124667.3038
231929.4561,37791.71637,11667.01121,71105.68624,55042.78439,24410.5242,13768.49278,36996.99789,131099.5836,49458.62506,38321.23268,91860.48968,46707.64404,9249.037649,28069.44633,62124.63056,103583.8186,138998.7469
332929.5156,1614950.565,2085938.495,706192.9606,839287.4739,1636982.817,1441856.9,909268.7222,1271870.533,645002.3219,1160280.707,741532.8044,1252024.132,648191.8408,1351798.193,1547108.922,1087057.984,1503786.622
122825.0759,150932.6832,38916.50972,159290.2216,229410.9593,56318.46186,16027.56683,52581.73772,96523.21784,44023.10925,4049.428497,909.2713666,22287.27352,20039.47714,472.5547333,25806.70491,70924.4162,11478.09602
101687.7862,32457.84666,2451.58266,320.9134883,944.1371334,584.0174255,2717.412831,456.9750716,2647.364705,635.3575745,1121.219307,53.44563681,5771.141235,192.2381278,446.3746033,3938.886124,428.5741882,NA
95190.84661,340127.0317,20466.61181,153842.3007,143497.7562,11589.44986,15888.27103,51446.53714,233776.9446,70083.45778,21273.44384,12141.74313,12367.50396,8161.375018,21574.60424,32924.90944,19184.0465,9052.44715
464.9478302,4677.952285,NA,3997.961984,16119.15912,844.7918396,1869.116974,9943.829559,62576.65002,63255.71698,NA,587.6798244,NA,NA,NA,NA,2530.214609,632.2165833
13097252.97,11831104.22,10615621.05,5120501.039,9787856.58,12135156.88,6049708.754,5367583.623,17561823.43,7265130.89,6211090.316,4737789.563,6901054.075,1892008.8,8372559.508,11802665.28,8309542.553,9285584.164
513304.0797,198340.2555,338697.9467,174228.0844,357409.1715,887844.2083,214040.3429,532422.3678,741175.2504,449142.4087,273000.1506,380238.4952,421027.2708,124348.1506,521691.9901,492190.6266,286202.5427,695666.7667
73039.90475,36474.39606,17465.17278,11953.0964,26130.01096,52441.06013,10925.71102,29136.24797,57737.60737,30050.4486,9391.977293,47551.84968,41785.60601,28713.85338,54471.75984,20707.95068,6849.700917,24726.9976
163109.8878,11141.69139,401.2928925,67226.65993,103122.914,2619.340279,4765.348243,44785.74099,300848.9581,401037.8187,295.552274,6294.61204,1086.329437,NA,469.6669482,1509.707121,5386.495126,85.37910396
1478.141633,2016.988984,23170.52491,1799.878784,8506.069587,28728.51347,70466.97144,8818.016654,34214.34766,17633.78884,4189.553241,3483.18458,27862.13052,20917.20511,3621.318422,29320.95287,6622.664263,63294.78656
4385.153397,1472.391873,5526.77741,17180.59398,25723.61934,7520.854994,8343.011804,13676.65625,76832.35915,109557.6614,3197.403349,7602.01855,4717.201942,1348.98895,2788.621079,6358.907053,2462.894886,5978.030735
476.3099669,2212.741849,238.5257656,3874.042453,5403.007394,1545.291811,412.6652147,2663.523895,17404.41766,36756.3517,29.50453315,752.2590623,785.7765218,270.7853877,52.75936161,699.56778,28.05790685,201.4939058
828119.6843,160781.2828,16410.84886,161471.1527,209908.7221,27712.38051,12858.08552,39423.13509,570631.2491,602311.7832,8098.731057,91395.5735,8614.951226,10238.15375,61900.72728,14463.66341,1110.344952,8463.588429
13663.98051,106734.8994,NA,892.8543838,5156.459747,1592.901239,2633.314113,NA,4205.706818,248.0446865,240.977808,443.5029603,340.5303416,NA,NA,398.0870819,NA,NA
132549.8222,55561.61791,70749.18513,92559.12539,125305.6206,52841.85817,30585.50498,54928.34115,329154.7474,164669.8021,10654.01022,1806.450671,20815.63595,30475.24876,1882.080034,68104.96482,38795.03396,21602.78396
7455.741036,618.7077477,443.1991123,9226.374874,13403.14638,5092.946444,7051.684862,3729.761258,3203.112621,28338.42322,NA,1732.263002,658.6979906,NA,322.6954693,2291.114789,NA,900.7012939
8288.723889,3082.939013,2997.324521,1559.962642,8216.805499,7425.035704,9144.135647,987.0767471,5549.101281,3290.38121,87311.50157,40573.90773,1339.701373,21190.63793,438.1159551,45586.77892,42297.78367,6634.423521
1540925.696,22716.33524,49273.60611,523666.2298,892259.006,84180.48697,34345.52378,256323.2507,960304.0722,4119504.052,16724.39896,36915.87651,30715.8768,21152.54246,37824.5391,22112.74557,14828.63029,24984.93626
22564.66059,68848.73315,NA,6621.009392,195.8274623,NA,297.6795273,189.486805,3.492555456,11870.01692,164.9676361,27931.48748,NA,NA,16.88953217,NA,NA,NA
2865.842798,1041.705019,19927.76908,5551.264864,10909.90446,6200.643413,10492.76157,9983.686277,4097.345704,10435.13092,2283.973792,13520.38387,5777.65853,1600.587222,3931.112133,5566.043259,8227.874222,13941.63258
75397.785,157020.5366,269199.2363,92771.6193,155304.1332,211177.5541,312229.804,93664.61564,267507.8806,117139.7478,287553.4482,114248.2655,179216.8658,87663.69962,81188.59988,182540.7397,159163.5893,257283.4198
47554.25662,329.1198173,25584.71389,2866.794177,6015.684684,2053.214221,851.1189536,2540.952526,18462.98363,15096.47917,NA,NA,2284.219416,366.9180233,144.2868451,365.5279038,467.1827846,1546.47007
292021.0277,26837.70753,NA,4192.218073,21012.66853,NA,205.0050278,286.5346985,9225.37294,47968.15066,NA,583.3236144,118.5266196,203.8585476,156.7705829,352.4951623,NA,NA
508.2029601,41387.09937,54751.03485,6684.75651,24068.81952,156305.2648,23743.50843,60627.05317,19976.93335,80292.18705,34788.87603,25068.45554,66060.87847,40162.17858,12559.29531,56379.94063,13416.45969,103770.4106
6475.014506,6376.085642,NA,17800.21613,2.620963968,291.7867686,573.2428387,4453.963713,30142.46899,18835.96628,NA,NA,NA,NA,NA,11235.35038,1800.927399,NA
27074.76891,98210.20865,4785.662501,143664.6429,87723.47143,18315.88121,37027.57042,60945.35799,130280.9467,118457.1547,3407.971369,602.695758,9227.777098,6082.358052,11.1266563,33793.73421,13257.85169,4808.166839
1600.729303,20881.19006,35552.16548,NA,NA,972.7685394,0.40078024,NA,8907.840898,5.026636111,23366.64199,2953.728751,2276.159344,NA,1114.527955,15748.43246,24624.10415,4640.228104
11587.18284,31475.64842,561.2328796,816.0980452,10642.09179,NA,NA,1037.888611,25127.17003,274.2972667,91.84635904,237.9574127,NA,NA,10.51473019,NA,307.5370155,113.2475902
362467.1737,486905.4273,521693.8047,446760.806,325027.7026,1355244.211,282206.0108,570105.8615,723868.8247,500767.7427,264262.6803,630049.4473,422987.3394,158586.8071,923951.27,627487.4094,665961.7577,727307.2916
6985309.789,13942522.19,8519734.989,16649117.07,14983245.98,14096356.72,5780924.075,31916470.22,20037574.38,20958049.72,10647196.2,38138461.69,8997337.735,14062499.85,23079585.56,19000540.87,5988763.714,15924801.28
146.7155857,339.2279852,6034.461061,NA,505.5773186,24072.98357,4022.3785,11585.23895,1682.076026,4248.771515,5903.523133,2842.023934,22123.57334,7131.840925,11506.96317,3624.077315,7641.71168,20504.64817
1638.71819,3271.206114,5421.260796,1407.955159,1077.608529,5194.113889,9338.177127,2932.285576,3077.738685,1313.928206,16043.14475,2455.179368,7218.112016,1228.382673,3430.061819,1258.854108,11553.87691,16173.26497
11473.71209,26145.5113,10626.22827,15717.64989,22718.30071,24571.02759,22929.14753,13020.30456,22236.02646,7485.280873,14420.12169,15793.28051,6509.355311,12262.14902,24652.32076,30879.81563,10869.97453,19485.28162
80955.36226,7993.282473,2252.606556,19613.12713,38444.45626,6176.899159,3347.389538,2573.672104,132243.4998,179290.5609,1479.290022,1486.254042,1410.914812,2186.050893,440.471144,2770.248359,10703.02336,1426.208151
1368.500259,24876.20226,630.0516948,NA,NA,NA,NA,4.631830107,1769.64098,2568.493583,433.461496,18.96369585,351.5875673,NA,NA,4.069007279,NA,NA
29.41433215,17.08176282,12.4588034,3332.762038,25687.36597,1907.604835,NA,4689.371071,6824.111601,47800.49706,NA,NA,1252.459328,NA,70.05262794,4.860730433,124.1729853,NA
1862076.116,14699.43433,36942.40672,59939.25943,299168.5622,34239.09594,7349.945467,139218.9376,168274.3362,146280.8438,3061.171882,60982.35554,15102.48948,5980.446039,7122.372161,23394.90599,8862.180694,8648.840444
6786.998272,1292.935296,115.6110791,10240.39498,16032.79785,7742.885765,9954.882133,8109.522905,45998.02577,51354.39559,107.4656117,NA,5328.468471,335.2415237,NA,1640.173874,2502.022611,259.4031219
31162.09427,31116.85586,12520.80787,125949.257,77335.48311,17669.20358,29224.00625,59874.92966,192071.1198,245332.0549,387.6354271,1085.393228,20975.11234,13404.05407,1259.476436,52207.68954,24652.27453,3026.583439
8595.950493,160222.9758,1254.888967,690664.4722,141540.2983,1064.806504,3473.203146,56907.73308,6917.243292,13650.93145,2765.979457,1452.074333,773.7623462,304.5662729,440.1858248,3681.26944,2148.644105,833.5119245
25922.7169,5520.447007,377.5140807,10175.01195,5571.503852,3214.682319,396.8990784,4530.407349,10870.45611,3932.962034,1252.340866,3619.286501,1727.823212,1103.756038,1125.078125,3603.363098,4397.260681,5215.580269
248414.9979,92316.05231,49122.08516,217747.7878,290330.4901,50657.07463,241126.1292,79571.84001,441889.6571,86502.65915,14644.20826,34359.60914,55794.69923,27005.18965,4391.533797,67611.91131,25827.00777,91613.05755
2227.252512,3816.817248,1276.822508,26232.63845,47748.23388,1351.706367,196.3985815,3789.226293,5410.791418,32566.02176,NA,55.04385165,417.9668067,532.3858763,75.52126179,1681.163195,3955.757701,71.75054784
231584.7418,115948.7445,6052.581397,28502.5733,89335.33234,10711.63312,9050.683911,10473.73787,104167.8581,68066.69433,33924.65286,1401.754784,30309.84342,9434.698402,821.5348892,70757.00528,46554.84901,15372.42894
592693.6727,283555.1085,14091.27892,415082.541,1948603.895,164603.4723,31188.77447,202301.1644,2281628.289,1245656.754,33105.09692,233848.5307,37164.35327,4231.766764,1548.554676,79169.87581,50691.572,20613.56545
25598.70888,11093.13366,68.95591029,6007.246589,51898.16317,1467.333974,5418.865576,38648.94271,54462.35758,20901.71195,21142.26622,31017.73424,45201.48859,7130.685358,11916.34954,59823.65972,11618.05747,71603.58333
328252.3605,99577.67292,43132.47371,337995.9661,411953.3128,36692.60316,34163.1408,11494.80398,80489.88649,74080.61396,13101.8615,10142.87119,40907.76491,33943.90699,16078.22423,57914.39747,15385.5363,30863.80502
472056.9121,412579.5745,46805.10055,633360.8192,512234.0718,97096.76173,67904.49672,342314.3363,1162371.971,1510199.301,29772.51419,10612.62446,61935.0257,50367.7929,26972.59031,291235.0695,158240.7004,69521.4487
165936.9933,85000.51931,1307.9776,11883.54196,4625.335327,4996.407288,5066.416748,NA,47974.7897,18923.93594,59317.58184,12777.73201,3115.727112,5443.80372,1248.43396,7827.18623,10165.26626,20792.32837
16520.12183,113.3078103,NA,1738.014846,552.1293945,0.37618167,39.31316848,NA,41443.00797,6531.63196,NA,37.87340487,NA,0.415882366,6.063321325,NA,NA,312.0675738
4645.240832,1504.385162,2724.351825,69263.05408,75872.37258,1967.845947,12967.95884,21910.94998,6610.762817,16104.17172,2229.509441,763.7650851,4561.952426,437.1216542,NA,141.1636712,1250.268969,3217.397351
44589.17753,47729.19881,11773.34335,13757.12785,13231.62087,6035.078064,22156.17176,2166.391307,62771.18159,4578.671487,22450.45076,1674.725269,25419.02739,4186.82147,1119.494953,23342.19899,12924.22255,15534.18436
111543.1425,37303.31125,7450.477036,167196.609,61846.7432,15689.66804,34504.77247,37659.64734,58635.63088,47507.66055,13482.03636,2023.863132,3114.975127,6015.08282,2719.100923,28019.68654,50281.22006,12037.38679
26913.56385,42926.70519,70935.39977,14142.92715,42874.53829,53920.25959,61628.02728,19797.75087,56930.04054,101980.2771,58760.26311,18598.86121,48388.75843,19687.99731,24443.95198,51743.29964,49988.75218,71485.00126
5767015.789,5040255.459,5039673.98,3191084.647,4344263.497,11676460.1,3841101.949,7344052.298,8235555.957,5750779.074,2140983.08,5888135.734,6063861.704,2280925.695,8328820.178,6577877.04,2117705.026,6413500.421
2563.153203,632.9902675,547.8795624,1362.466938,2464.420268,1774.419218,166.9671528,NA,15124.08974,7678.57678,1424.726351,1069.983428,7615.039807,10745.37527,2658.08802,12281.95407,21060.85291,1074.278856
35796.95457,6094.553453,1436.166375,25953.56874,118203.5954,1931.398198,2063.514793,19317.59191,166677.8132,312328.2864,481.4358515,384.0146221,1470.034451,871.9684061,291.4935289,28894.39572,6750.209089,1191.621426
4501252.206,14971.91518,2193.545187,382641.8562,1434603.334,6425.715523,17161.81155,177189.6838,983673.8097,1691416.98,12230.62659,2179.853984,44764.70656,16321.94197,1501.475098,20373.73615,6884.862846,3558.151011
572306.0636,81762.89268,65809.65424,793713.4183,2301762.123,329820.8637,73984.71678,756379.5772,4022399.927,4613953.845,41966.36923,14779.54281,145389.8234,55610.8474,5806.640855,612893.1814,133433.5656,136982.2971
3923.20758,6145.63383,28536.14197,17805.70993,28026.39206,42903.16646,78982.53069,20079.70628,69781.1287,285076.5159,24927.43674,3625.20738,39633.98764,12944.96201,3785.927416,36299.02483,4391.3558,141528.8348
58052.44812,126229.3827,160427.6013,90988.98187,76558.00972,224070.8019,21091.37137,130150.7735,180049.0231,98416.7016,98524.31502,107583.8537,156312.441,31379.14256,80054.69836,128425.8031,52523.62661,167742.445
1444.320184,3174.070526,1942.250718,184.6964265,950.3522875,12473.75421,477.9090082,522.729034,10248.71181,235.6160949,830.9133966,1086.410133,1278.746709,58574.59336,326.4449646,6737.076364,5661.043427,2903.713181
14700.41719,36410.44504,2047.095066,2609.224503,2294.022479,2569.691284,5616.545763,2963.63409,25833.10817,7579.360164,727.2277505,73.6483096,2119.603552,2828.108989,13154.37431,3025.300829,11468.17066,1947.717221
960.0866827,7844.362104,2651.329908,3148.686059,3507.990617,1731.028433,7640.771057,1640.640925,14138.55018,4136.3361,8816.696887,2386.057557,2950.274663,1008.577417,5575.419941,8901.846801,12532.68303,5746.165527
66290.96399,16934.72812,22011.37283,33522.0334,64267.36954,15861.81928,14934.94523,12136.95472,54384.79431,35341.53523,4452.653245,761.3700001,13559.09499,22178.09682,NA,3936.021193,1031.385765,4434.986859
34980.13682,140604.7202,2319.503258,101663.6864,8607.952497,1777.115027,9898.515995,1764.721664,20244.75679,3738.868404,1909.023989,402.2124629,6555.86721,NA,1429.267752,9352.788436,3927.853908,2018.064431
208639.6338,48168.36105,27351.95952,87132.1521,83179.48009,72609.09995,68775.98346,141130.9037,204872.1828,50791.31592,162425.903,39225.31836,108774.9481,55822.47729,14216.99867,108668.0805,375609.4389,103875.9081
92923.65757,61917.45398,57729.88711,24447.40707,78062.78782,73227.1167,46444.24738,32143.64652,35066.45596,110205.5169,40218.08268,62101.29443,15678.81642,26356.77059,15069.6821,18660.18968,39952.42391,125811.0013
41431.54,5231.73325,9490.352597,4690.30802,9053.484694,6678.92727,9292.480988,8065.473135,107711.5237,17131.14177,1504.377874,1712.23349,4754.050881,707.2694397,3601.481735,6568.320007,4867.817963,7221.106731
36943.06257,32892.42951,27909.89611,17158.73631,35825.40386,14676.75518,49987.97338,12910.03963,27363.00647,6659.57271,10103.69702,4392.544415,42742.28668,21323.92133,9732.14415,52754.108,9681.979973,27736.47825
20589.2482,36630.29906,6896.448546,16263.43205,20800.80176,1198.598999,7889.417103,18542.76141,14816.67941,11162.56055,1232.59254,1602.476225,1141.421066,NA,NA,938.5053379,73829.70785,6198.999791
166333.1345,13991.45643,2741.107318,8146.989053,10999.62331,0.327290161,1799.370687,539.6197907,22931.76998,30112.92222,357.1035455,2024.17953,990.4909097,691.8999585,1256.425386,NA,35.40675386,611.093039
225928.2529,22079.64589,NA,26386.25696,27905.03071,878.4947052,775.245079,480.2731018,101585.1481,5749.830719,754.4137421,220.4462814,542.4318885,NA,163.8952179,3065.855078,2489.436584,451.942058
14367.86893,26418.23423,NA,5450.270199,319.7139282,167.1200078,364.3033061,1416.780868,1662.655095,532.6909819,618.4528962,1532.588972,502.3903122,262.268985,459.6297873,NA,NA,1418.02031
1169.490083,854.0594097,920.9874247,7395.94168,39152.74106,523.652401,668.1897854,2632.460567,14500.31108,4025.843478,428.0460553,239.8724611,855.4648784,260.4992218,948.4742291,NA,161.3088987,599.7592482
729.9981922,753.5616843,27656.39074,537.5706632,674.6539878,58065.67694,20451.35223,669.6694637,4791.601848,16213.84013,533.1339608,56.25452196,263.8043904,17549.86101,128.0695408,2945.304641,1.54274168,140.8721771
5297601.551,328549.6446,348647.4143,1190271.573,5247300.759,593837.5496,1151282.587,2691371.75,10550852.91,11747168.28,324057.4804,467020.7283,438427.7543,199261.4682,256514.5391,475109.5294,409591.4225,807131.4862
56848.88958,NA,5978.035555,1595.84183,NA,NA,335.602287,1036.8025,2636.162515,4928.889845,NA,NA,1153.928762,NA,NA,NA,NA,861.8114575
2814.006103,13413.64782,1763.923228,15300.80565,6121.707549,2762.088855,2760.507807,2455.961051,4928.698572,2267.659286,84914.42669,13378.04567,9640.204981,144.0389606,1621.615934,10275.40895,25972.25157,14341.56871
229664.3088,8072.334517,386.1776537,93616.96786,347735.9786,3625.250112,790.7439429,26754.3188,25290.04069,168462.4585,1744.671668,6104.793438,2265.245614,1504.703525,1392.928447,706.3651189,2143.669475,8591.035688
5401773.879,10875010.84,3627663.191,4393377.458,10015752.17,7672810.009,3132701.251,15863812.49,22393269.83,15253936.35,5660096.341,28233544.44,20132144.75,1043362.412,52375405.49,3725867.675,15381201.71,17780721.32
108092.1548,174303.3786,236641.3308,28603.28617,64269.47827,245338.4181,210759.4273,51385.83626,130959.9073,61342.03886,102153.2028,28544.92173,108035.4859,59120.38481,53286.16864,128521.8714,60335.51407,128169.3934
237.5380119,440.8994026,5655.381526,878.3996046,1419.071052,5842.387718,1807.843821,49572.56947,686.7417324,64279.66919,1794.553942,418291.7029,2517.823623,382436.492,429434.1808,917.4201662,220.8731633,1749.354363
184817.277,32301.5995,16612.95703,38560.98754,67475.83901,14188.3038,35687.55995,33174.17013,203800.3064,40182.53682,25914.79664,10910.64962,66710.50969,15609.70293,30079.726,21402.42475,24535.64669,20764.44368
1256026.903,1447449.542,182092.1049,1062773.408,725021.4334,727204.9884,309533.4985,2013006.575,826945.6076,2241408.32,130299.0581,110646.4703,447765.0275,2097233.842,37234.47595,378646.7471,302108.6204,415083.1032
9947.671564,11746.48733,1036.097546,2918.810341,6257.074108,1088.14505,548.9861452,NA,25023.82526,36247.07288,NA,NA,315.1526184,620.5624619,28.42001434,2225.371318,1029.094284,1346.574622
1002974.009,1133160.104,290797.9645,810557.8376,1126210.803,660636.6541,500018.1131,2012839.834,2039571.509,2536539.616,367963.4004,1820305.729,488046.7956,1083253.958,1305466.327,1097737.26,720564.0539,608885.9641
71429.86089,378650.8374,220999.1759,130444.9359,100394.2293,195620.1515,258440.4408,153997.7941,242006.4142,63161.41792,142023.9871,111103.7754,183843.7214,43315.9302,146702.1641,174079.0591,82549.8388,309992.6595
20745.1133,109219.0514,7572.254091,64444.31073,68468.116,13788.89186,6345.30624,35328.33208,86160.88433,43638.83716,8788.315155,13198.26347,18600.45497,1834.21155,14560.98139,9859.698818,8578.426657,13673.00425
8711.374184,30139.59645,258.5876083,1585.21475,10229.35508,2096.990455,2347.357632,3463.998503,29647.24631,11092.96847,1971.564484,1010.397975,2283.941105,229.8433571,NA,2843.72526,2133.865349,2281.45314
102570.6622,347.5843659,0.059147962,6240.080459,84825.30903,969.326355,NA,14815.62919,44892.18005,64204.01211,0.741140852,NA,195.9844589,5.368882042,160.191183,591.7056668,96.77289539,1102.114522
5991.083387,11941.10956,11331.42337,47719.81412,54096.82581,18280.98567,1710.633617,3478.77094,45599.10717,21977.04084,624.5020007,3138.993034,2483.582467,1236.553928,80.73253061,11482.5603,10273.42542,13238.61472
695.8469696,35962.49449,992.4166549,2275.772809,1302.113068,573.0388554,NA,NA,1962.426607,1783.784671,53.18235819,467.8839855,NA,448.6952344,767.0957517,411.0887888,NA,NA
139141.5635,654352.0718,117789.9849,447080.1199,378909.1701,231111.5124,241405.5514,579729.967,376155.717,249324.3487,251563.0522,438245.2266,233135.7891,79155.0374,445577.3656,340738.352,172869.9915,265554.9936
57389.80267,118.4709773,153.9761638,72.21663861,2019.802493,NA,427.7645691,602.9786918,57281.69182,22765.82888,NA,189.9621649,244.9952498,275.4966196,64.27612441,NA,84.46697382,206.481826
45414.1169,124661.688,1470.218611,23125.51028,50357.90087,968.987211,81023.1598,17199.12226,72185.62528,37445.48799,6582.277956,298.7684937,32631.26215,5759.351882,515.4086254,25420.88206,49199.95671,1887.772204
728032.6031,525802.9631,795353.385,1333813.184,1473323.785,488989.9915,507085.0297,1659144.102,804847.0302,606882.3139,136499.3019,512265.5022,621507.823,172457.0216,235815.1535,62665.19685,85456.83998,731612.3264
526034.7088,361557.852,228871.7168,684010.7384,743775.7732,289644.985,271103.185,381349.8386,1006757.592,363092.8235,199464.3397,205780.0769,189392.0723,107604.9658,126163.6202,304613.2,187310.8039,303917.6722
4499.105685,554.2664174,689.3385769,643.6209373,2047.074191,9524.818494,1095.335381,462.6965437,10409.18274,9905.493845,113.7835688,270.4338684,25433.73302,66276.83195,556.0928723,36217.75294,84727.72915,4014.106715
14530.91542,72011.51189,15557.71125,43277.99157,89541.40708,20523.59723,19858.21739,44648.92412,126677.4792,325500.8195,9647.479109,8478.366659,15833.72961,7123.489768,2533.007321,87948.39048,9605.05236,15628.07373
793.6351162,3950.543158,6390.17006,650.2567,2275.815599,7935.013545,5629.591882,3342.184317,244.9408641,1494.947101,45582.59884,4539.752342,3764.335334,1550.128374,10780.23318,572.1666429,1199.465958,1863.562396
66417.65991,7038.433415,5096.404224,36390.61893,262851.7117,7889.870193,2037.085248,39442.95272,648797.8211,1056318.831,3465.567799,2453.139209,5148.048183,2482.915231,5872.365903,30585.92394,9518.184596,5355.482964
1098.277944,3159.782385,15921.69063,1753.681868,49748.18654,24999.48452,8438.083162,286315.997,1054.335549,26600.28914,485.322145,620.2405874,98868.08025,NA,148.6285029,2128.417334,176.989339,45146.89652
6896.75814,4994.033453,567.1191728,491.4168979,2239.463365,1595.64728,1406.46754,1674.968875,18876.28033,5645.5205,270.1249084,1037.585106,372.6603892,NA,519.8517061,921.5882788,3765.004797,1824.589986
52008.54528,8922.453372,37171.31914,9272.36415,38406.75495,13411.81518,55662.90793,41187.30912,32888.33909,36353.15224,32118.46349,39922.57831,17402.57305,17075.59451,17090.33452,14908.23062,40062.02627,23438.45806
1236.618719,1482.34056,2261.358923,4240.949399,4306.714677,10775.42697,4022.746758,2876.861618,1411.239446,5788.625523,7387.079105,5004.826765,433.7478011,260548.8534,2198.70158,7570.332911,1463.791255,1755.34202
2416793.147,5075670.285,2386423.676,1684796.957,2688724.178,2489934.737,1680506.274,3803644.359,7550560.751,3454674.149,1022075.589,2864398.822,1232566.661,1147666.557,4410589.056,4004154.847,968200.7771,1588407.631
206010.9598,38087.94613,78434.81229,58757.26052,67907.9023,14973.31576,70787.60074,6557.855457,147823.1974,23130.26492,22760.54904,9452.058229,49378.35134,2660.687009,7931.298058,124474.3038,10048.26171,26606.13071
58656.42506,67157.52055,55747.01593,22198.70901,47250.26871,93871.92544,20384.24034,103282.1314,95193.7167,70565.91245,25518.83546,42613.19457,53640.75059,7507.769343,40264.83334,63160.94663,30564.44801,58415.59058
317165.1406,116094.1101,105315.3138,175016.0395,448029.7797,414819.8428,72649.9864,401791.6198,568898.6738,754858.9526,201673.2046,584066.6417,382747.6124,25803.46223,186350.7271,351700.2475,368144.2155,587054.7355
140550.7747,87347.0118,123472.4371,89545.23321,158552.0085,287106.8054,118837.0527,213397.7339,812644.0507,295603.3497,114919.0597,202725.1287,65422.61207,97102.93825,85161.81266,222001.7481,805600.4946,147210.2062
519908.3654,178496.8298,218714.8574,185156.4901,375627.5795,115375.0321,347169.5379,81867.97978,445995.2611,101816.56,144222.0828,26244.53353,145036.7143,49771.78842,48535.37405,551128.8851,94658.49075,93899.5126
305.7413841,12375.81677,1126.611095,7800.209347,5173.545217,455.9430715,1073.441655,3961.638845,9832.375236,6808.386772,1185.648072,1715.73583,269.7042416,645.9972845,NA,427.9126342,402.5692974,1703.424073
NA,NA,NA,388.4253333,47696.79098,NA,NA,NA,NA,NA,NA,NA,NA,NA,NA,NA,NA,NA
361220.8622,891497.7154,873792.1124,472654.4841,530306.456,1173742.198,882249.5217,325751.4859,1186184.31,404012.7012,561161.5554,172522.3456,532424.7493,443294.7152,237200.2161,743208.6105,407148.8032,908849.5021
4588.908749,3519.497215,2134.452514,7797.36798,31075.3117,3783.318961,7685.934291,7521.435008,105900.4914,35671.92897,5880.531121,276.2434999,887.6631082,3992.451678,836.3084877,12292.90756,4611.296759,2327.168966
283199.0039,169606.4653,150509.94,273321.3763,381416.5731,536231.6524,77636.45878,444382.8981,151756.6318,332973.9596,16648.53042,603021.0881,137199.718,13910.26535,72165.75916,34860.00795,30506.02472,188408.1551
50204.29862,18712.03872,31001.26907,28247.77623,32362.77251,37032.46645,14441.69661,14874.2304,58572.69878,24191.42587,10934.52872,7032.39425,15203.21225,2596.807009,17836.62917,43498.3677,7896.093962,14468.63355
17916.19019,45588.00314,9800.888552,20745.58213,10871.74661,9532.501136,9168.444702,775.3671853,9853.540041,6573.6819,4741.263955,173.0062407,10915.04427,12621.8656,NA,30428.00981,387.1694539,6807.151736
127003.6347,152833.5909,NA,127515.0132,126591.3804,5387.652684,2238.492897,7106.3409,331805.7357,34066.18539,6687.078839,3182.673189,1362.204529,1254.702104,3315.173605,23465.15476,35600.33136,6762.081854
82358.273,112491.5756,9596.119825,37862.97534,55440.61728,19931.17286,5940.275537,37763.15049,278287.1542,5173.327045,97788.87592,5889.532864,82640.47782,297.2366188,38644.02486,58869.92365,6841.245689,98819.25597
1279153.812,170647.6445,347999.3464,1222704.108,2226920.822,1050801.652,397020.6713,881175.8189,2635448.648,3538051.14,406600.5765,313105.936,239134.1601,758937.3551,137498.1151,344255.9422,242795.174,586177.9782
73009.8417,989.3532353,561.2758485,19319.05463,34716.95087,1854.387612,8481.288695,11685.57148,103552.3823,56943.39424,1628.021612,983.815552,338.1060669,965.6217911,3298.616641,9168.346008,9790.376743,851.3589924
176432.5793,11340.72519,NA,51732.73767,18060.06032,1682.547842,NA,6261.940988,45019.47652,45362.64616,8741.177214,750.5153794,894.5915759,129.4013891,NA,2857.90445,5655.728985,347.3884775
319859.5755,118273.3799,117265.9733,2058422.153,2367563.427,634256.7379,133142.5891,770090.7017,3014390.306,5443240.166,97825.90629,199809.0957,402547.0974,226922.2321,93220.90047,920633.414,656931.7685,361888.2593
2870.032735,2951.483088,2340.688178,1273.448426,195.0024677,10865.70795,1431.878767,12177.09344,2.507216531,7967.645617,NA,94.87739868,4416.565247,NA,16787.57031,141.6258811,NA,10737.31188
593322.892,597726.5356,111414.8429,625092.9644,542102.8884,645606.3382,68130.54603,789581.8432,497909.1048,839694.5251,126028.4793,410010.6477,348529.0205,26384.43288,373099.3366,186569.7521,187862.1444,304723.5675
5189.246994,3659.55196,NA,11627.58003,14280.06183,4341.928427,1216.594874,2701.579245,66857.31749,44515.6173,290.5437006,324.1660656,1621.463032,NA,474.585267,2076.51032,880.3611596,260.963115
29638.4745,5804.777997,370.4694872,5138.357221,22747.93831,2155.934296,14174.06085,5785.272228,142379.3331,91721.2149,12146.8484,22757.77091,5665.01619,7934.742644,3037.259399,39417.08589,39029.64865,7677.516228
6050.091283,11216.97427,478.606642,13994.04279,52150.5975,3509.183028,2772.314223,31418.24387,55591.30354,59576.72026,13560.51274,1689.769581,258.5826255,4094.889732,24.91817769,858.150639,126891.4571,292.5233723
1876365.201,7305617.364,1804677.812,4238955.624,4954551.833,4236262.985,1963785.422,3388100.359,7079475.702,2622022.621,1401090.995,2036322.246,3597730.099,512525.4725,3020838.657,4492791.975,1695110.259,2958019.208
8915.288242,34669.88345,4800.135144,191171.3848,278241.4924,47529.97104,29161.9091,96464.52969,284889.3046,480603.6606,12878.10916,7815.469494,22492.16858,34458.39632,408.3279173,179765.3169,83043.9157,18208.62769
23015.30145,17308.2841,99.16617584,6872.278556,12739.27145,5776.696513,478.734041,2779.193236,112583.716,57393.65523,8805.572515,1398.930046,7302.356995,488.4861814,462.4912186,55124.41591,66713.65828,6563.905706
9829.043747,41182.75887,1984.487131,81093.50292,30963.72461,13521.49142,5931.891762,12663.15492,38866.17026,23091.90663,5611.924063,5553.108015,2736.623432,17394.74631,3272.707743,10645.74856,6605.813902,4272.087037
28300.70925,1896.060685,667.8766479,6443.193375,1557.087296,3007.445527,17.49439397,6629.604543,1937.979235,4691.301852,950.737365,910.6324463,NA,4308.875714,3010.938645,5152.254413,1140.222781,NA
1598264.703,113233.5836,85378.98871,634933.0034,1777367.797,674363.4172,113909.6947,848599.6564,4747699.851,5245063.621,765227.8825,59658.5503,129126.4731,111278.6513,40794.36254,95674.3466,475073.8177,504676.0688
687.4540971,9310.942836,1485.521867,2894.518195,5665.764902,3414.180177,2048.716337,7575.599541,6633.192767,2814.98977,1847.181608,2344.543004,246.3599014,4636.137986,841.9110184,2237.765022,NA,708.4787064
3540.09075,49449.75475,6719.545702,81261.01397,83983.35248,18623.95455,12306.86892,35267.95862,116520.2646,277755.1686,2974.212466,1179.749455,17615.47769,21996.94016,165.4367613,89401.78387,51373.77504,8350.897774
64281.35124,15088.31454,2815.695732,48570.64191,44917.29163,NA,2083.004905,313.8638753,60738.36333,5531.127473,3018.978781,NA,6770.598196,687.9563311,1187.268333,8157.091632,5856.741471,2795.898803
56984.14479,73644.54396,5348.809791,81420.98493,139412.8022,33626.25079,11842.13302,48589.75813,334486.819,99009.53361,25510.21852,22673.09266,27663.27332,4078.573038,18204.0923,37543.40981,26877.11563,24022.79309
3685.017374,2634.277604,12300.82567,2737.308493,9821.37575,11053.95193,7683.503491,NA,19602.67147,4967.427145,12337.62163,300.1080766,3913.235902,22252.4859,1457.750935,8124.73974,8610.441941,11275.56519
495534.985,424098.7242,487466.6844,615256.1821,374313.7909,445274.6042,722620.6265,275900.9712,847569.3501,538485.9929,476644.9495,158038.0712,118167.0852,107978.8903,206058.9861,421431.8045,200771.6656,416348.4117
1046.954041,442.4804004,3260.889526,11516.26804,10174.18457,7613.48637,1480.088525,24915.3678,16157.86823,20920.74234,43018.35336,202454.7639,NA,960.9281369,17639.44744,64755.7675,12997.45176,319514.9951
18831.31668,36995.23034,20220.31094,38014.81529,25658.57107,42589.07333,32787.89899,48109.55262,44108.4179,36190.31888,16440.3513,22396.40955,23226.41478,16568.80552,22760.52317,20631.61471,11423.8446,24502.79796
620643.8291,143908.843,156884.6469,827946.1565,753606.2707,256821.0205,121740.9647,200822.6657,1027160.979,275127.7616,70253.44254,288077.6395,333161.5489,222117.3118,102987.1857,212311.2024,290428.7942,665062.9676
1228.020492,1340.584673,1115.049483,212.7080536,825.1767321,1387.608276,387.9930212,1700.91777,1439.408646,2985.636978,7459.355562,7912.107466,172.671949,26668.10049,3694.782468,24432.00363,15163.73684,NA
119288.1428,56627.13989,13554.83495,76483.90239,156753.7791,59894.88369,16955.20258,54649.9197,361571.0994,233500.1184,27155.16221,8683.260177,36713.84381,20426.46787,4721.901102,177396.2373,73064.43474,33244.51348
43010.95255,11252.07435,NA,46014.4667,154925.6519,4506.547979,NA,20200.55193,86653.39541,118321.0705,4997.852327,7387.339315,2479.449427,541.4071603,NA,317.9905805,2300.261912,1080.528336
202129.1736,54045.10646,18786.53934,240489.9426,192269.7246,17575.18217,106322.5313,133815.2547,419284.098,374704.3583,11530.74798,4653.835281,24962.02952,94782.55395,5979.995273,299430.246,290475.4346,14038.62749
1501.973765,2396.187073,698.6537712,1840.006066,7604.114742,1098.393764,156.6264062,549.0964461,20429.38658,24116.42003,51.75402061,19.02108095,1286.881039,6185.654498,50.62055265,25180.71906,8828.215687,NA
1532987.731,970005.1626,1565653.943,642595.286,1579854.569,4951736.112,496455.1508,2806905.278,1685167.804,2521049.551,220741.3383,632282.3776,887550.0273,258563.7663,1514727.192,868509.0029,479732.151,959989.9672
10648.51599,6106.200148,2809.649119,4793.418757,6463.591068,9360.440729,23599.82298,4927.288988,18284.84093,14490.11711,5594.578568,18421.00452,5066.040012,4005.200261,2598.770287,3938.887771,2786.114876,6585.718917
8802.465727,31332.83293,49763.10255,25879.64227,21881.65822,81144.71473,59159.88701,16643.19783,47718.85709,23054.18063,31090.12106,5087.834029,15833.08369,48991.25796,10272.99307,37278.06187,38719.08688,20972.10156
97872.68104,140842.7787,115260.566,244213.4023,299384.3826,261809.1253,199026.6118,223374.7558,1127479.446,846279.7758,35102.57491,95998.45415,282805.2416,798434.3082,19256.32678,1236854.376,1496125.679,112873.9805
774799.6256,1555402.887,1182470.247,1538872.181,1149745.471,1109445.265,1667039.969,1909374.356,1387780.524,925163.1946,640905.8657,777853.5277,807744.8156,304727.0726,624866.659,1305249.307,406603.3967,1135931.568
56834.44662,200236.5288,47573.44607,208724.7559,131905.9952,98643.9687,53463.47377,209282.3647,242648.2901,219080.6358,45367.01474,41814.42294,61179.02149,13414.11847,58246.16105,205042.2818,57139.19784,47640.3073
60956.73793,11950.9525,29248.94058,4656.056339,49366.10027,44529.42248,34441.33186,18799.36987,112016.3807,80969.80798,10862.71444,4051.766554,13117.30878,55095.51986,19491.45854,73080.26716,21877.95309,73073.64479
71.12422687,2243.050301,17433.61557,2189.833497,2308.934734,55293.10988,6500.673278,18025.67101,NA,398.2257767,1657.798057,6893.331815,59986.58047,7715.870471,1090.855739,2177.087036,NA,32190.86426
2739797.222,1383567.41,3606478.698,3169410.893,2439481.744,2853870.389,2471322.961,2932610.369,3716042.322,5178457.812,1159791.999,1454193.234,1018326.599,5070253.641,1891663.87,4555854.84,1090546.825,1070108.373
696.092405,801.1936295,1808.205578,673.1194924,676.1331581,175.889376,NA,220.1751444,39472.52097,24426.14066,255.0040736,76.34350777,39.75059968,290.0914848,762.8979965,16243.39454,125424.8745,121.0306024
2712.418401,11714.21604,5483.641266,14370.81194,13945.82306,12139.89403,6764.180326,4349.661116,23607.70986,10763.09898,11308.16949,5328.78509,3915.455444,707.1708959,656.429619,6319.906575,4994.045427,10466.19734
168714.9376,86036.58874,300968.0623,405688.5081,319734.2264,1732971.008,3372.315798,192349.5317,744801.9162,73685.83426,72482.32502,152403.3365,867982.3594,14271.76714,144382.9364,85571.69448,105566.8848,381660.5365
15577.78779,16835.91449,6689.229607,38105.28608,20701.6888,26536.40742,26476.83377,12256.52511,124237.2053,62018.73709,1489.814089,3768.153868,94057.8281,25950.52307,967.870801,160292.7303,256807.5628,17038.36854
679.5930723,847.8617783,404.838924,776.5208924,1273.444788,833.426388,497.8238969,1056.720996,51217.92626,20179.23591,233.1997192,165.1237158,249.6139998,63.06270811,797.1541968,183180.7993,23480.99133,841.538469
887.770061,1206.692029,1008.804976,4873.756589,1448.353735,NA,580.2318366,2823.654179,132129.0127,71376.70241,203.1454644,18.94518783,104.0758194,4824.108871,69.58998783,754137.3585,576649.8293,470.4925878
134.1779441,160.1687317,NA,464.0260805,1385.327088,1036.554418,NA,25.58333133,709.3262951,1798.614177,211.63082,174.4923745,843.4945032,NA,NA,12308.4161,70971.36372,NA
377.1666224,247.8347672,272.9920251,401.9118891,602.5748394,32.84235346,276.8247531,755.7903386,71097.48146,65.28868248,610.2034397,1141.220741,845.3551121,171.5088256,1369.798078,197.5824814,647.3018366,NA
